https://sites.math.rutgers.edu/~zeilberg/tokhniot/ConnectFour
####Win in Five Moves
Pr5:=
{
[[2, 1, 0, 0, 0, 0], [1, 1, 0, 0, 0, 0], [2, 2, 0, 0, 0, 0], [1, 2, 0, 0, 0, 0], [2, 1, 0, 0, 0, 0], [1, 1, 0, 0, 0, 0], [2, 2, 0, 0, 0, 0]], 
[[1, 2, 1, 1, 0, 0], [2, 0, 0, 0, 0, 0], [2, 1, 0, 0, 0, 0], [2, 2, 1, 0, 0, 0], [1, 0, 0, 0, 0, 0], [1, 2, 2, 0, 0, 0], [0, 0, 0, 0, 0, 0]], 
[[2, 1, 0, 0, 0, 0], [2, 1, 1, 2, 0, 0], [0, 0, 0, 0, 0, 0], [0, 0, 0, 0, 0, 0], [2, 1, 1, 2, 0, 0], [2, 1, 1, 2, 0, 0], [0, 0, 0, 0, 0, 0]],
[[0, 0, 0, 0, 0, 0], [1, 2, 2, 0, 0, 0], [2, 1, 2, 0, 0, 0], [0, 0, 0, 0, 0, 0], [2, 1, 0, 0, 0, 0], [1, 1, 0, 0, 0, 0], [1, 2, 1, 2, 0, 0]], 
[[1, 0, 0, 0, 0, 0], [2, 2, 1, 1, 0, 0], [2, 2, 1, 0, 0, 0], [1, 0, 0, 0, 0, 0], [2, 1, 0, 0, 0, 0], [2, 2, 1, 0, 0, 0], [0, 0, 0, 0, 0, 0]], 
[[0, 0, 0, 0, 0, 0], [1, 0, 0, 0, 0, 0], [2, 2, 0, 0, 0, 0], [1, 1, 1, 2, 0, 0], [2, 1, 1, 0, 0, 0], [0, 0, 0, 0, 0, 0], [2, 2, 2, 1, 0, 0]], 
[[2, 0, 0, 0, 0, 0], [1, 2, 0, 0, 0, 0], [1, 1, 2, 1, 0, 0], [0, 0, 0, 0, 0, 0], [2, 1, 1, 0, 0, 0], [0, 0, 0, 0, 0, 0], [2, 2, 2, 1, 0, 0]], 
[[2, 0, 0, 0, 0, 0], [2, 2, 1, 1, 0, 0], [2, 1, 0, 0, 0, 0], [1, 0, 0, 0, 0, 0], [0, 0, 0, 0, 0, 0], [1, 2, 0, 0, 0, 0], [2, 1, 1, 2, 0, 0]],
[[2, 2, 0, 0, 0, 0], [2, 2, 0, 0, 0, 0], [0, 0, 0, 0, 0, 0], [1, 2, 0, 0, 0, 0], [2, 1, 1, 0, 0, 0], [1, 2, 1, 1, 0, 0], [1, 0, 0, 0, 0, 0]],
[[1, 1, 0, 0, 0, 0], [0, 0, 0, 0, 0, 0], [2, 0, 0, 0, 0, 0], [1, 1, 1, 2, 0, 0], [2, 2, 0, 0, 0, 0], [2, 0, 0, 0, 0, 0], [2, 1, 1, 2, 0, 0]],
[[2, 1, 0, 0, 0, 0], [1, 2, 1, 0, 0, 0], [0, 0, 0, 0, 0, 0], [1, 2, 1, 0, 0, 0], [2, 1, 2, 0, 0, 0], [2, 2, 0, 0, 0, 0], [1, 2, 1, 0, 0, 0]], 
[[1, 2, 1, 2, 0, 0], [2, 1, 0, 0, 0, 0], [1, 0, 0, 0, 0, 0], [0, 0, 0, 0, 0, 0], [2, 1, 1, 2, 0, 0], [1, 2, 0, 0, 0, 0], [2, 1, 2, 0, 0, 0]],
[[2, 1, 0, 0, 0, 0], [1, 2, 0, 0, 0, 0], [1, 2, 1, 1, 0, 0], [2, 0, 0, 0, 0, 0], [1, 0, 0, 0, 0, 0], [2, 0, 0, 0, 0, 0], [2, 1, 2, 0, 0, 0]], 
[[2, 2, 1, 0, 0, 0], [1, 1, 1, 2, 0, 0], [1, 2, 0, 0, 0, 0], [2, 0, 0, 0, 0, 0], [2, 1, 2, 1, 0, 0], [1, 2, 1, 0, 0, 0], [2, 2, 1, 0, 0, 0]],
[[0, 0, 0, 0, 0, 0], [1, 1, 0, 0, 0, 0], [1, 2, 0, 0, 0, 0], [2, 2, 0, 0, 0, 0], [2, 1, 0, 0, 0, 0], [1, 2, 1, 0, 0, 0], [2, 0, 0, 0, 0, 0]] 
}:
####End Win in Five Moves

###Begin Good Win in Four Moves 
Pr4:=
{[[2, 2, 1, 1, 0, 0], [1, 2, 1, 0, 0, 0], [2, 0, 0, 0, 0, 0], [2, 1, 0, 0, 0, 0
], [2, 1, 0, 0, 0, 0], [1, 2, 1, 2, 0, 0], [2, 1, 0, 0, 0, 0]], [[2, 2, 0, 0, 0
, 0], [1, 0, 0, 0, 0, 0], [2, 1, 0, 0, 0, 0], [1, 1, 2, 0, 0, 0], [2, 2, 1, 1,
0, 0], [1, 1, 2, 1, 0, 0], [2, 2, 0, 0, 0, 0]], [[2, 2, 2, 1, 0, 0], [1, 0, 0,
0, 0, 0], [1, 2, 1, 2, 0, 0], [2, 0, 0, 0, 0, 0], [1, 2, 1, 2, 0, 0], [1, 1, 2,
0, 0, 0], [1, 0, 0, 0, 0, 0]], [[2, 2, 0, 0, 0, 0], [2, 1, 0, 0, 0, 0], [1, 2,
2, 1, 0, 0], [0, 0, 0, 0, 0, 0], [2, 1, 0, 0, 0, 0], [1, 2, 2, 1, 0, 0], [1, 1,
1, 2, 0, 0]], [[2, 1, 2, 1, 0, 0], [1, 1, 0, 0, 0, 0], [2, 2, 2, 1, 0, 0], [2,
2, 1, 0, 0, 0], [1, 2, 0, 0, 0, 0], [1, 1, 2, 0, 0, 0], [0, 0, 0, 0, 0, 0]], [[
1, 1, 2, 2, 0, 0], [1, 2, 1, 0, 0, 0], [2, 0, 0, 0, 0, 0], [2, 1, 1, 2, 0, 0],
[1, 1, 0, 0, 0, 0], [0, 0, 0, 0, 0, 0], [2, 2, 1, 2, 0, 0]], [[2, 0, 0, 0, 0, 0
], [1, 0, 0, 0, 0, 0], [2, 1, 0, 0, 0, 0], [1, 2, 1, 1, 0, 0], [2, 2, 0, 0, 0,
0], [1, 2, 2, 1, 0, 0], [2, 1, 1, 2, 0, 0]], [[2, 1, 2, 1, 0, 0], [0, 0, 0, 0,
0, 0], [2, 1, 2, 0, 0, 0], [0, 0, 0, 0, 0, 0], [2, 1, 2, 1, 0, 0], [1, 1, 2, 0,
0, 0], [1, 2, 1, 2, 0, 0]], [[1, 1, 2, 1, 0, 0], [0, 0, 0, 0, 0, 0], [2, 1, 1,
0, 0, 0], [1, 0, 0, 0, 0, 0], [2, 1, 2, 0, 0, 0], [2, 2, 1, 0, 0, 0], [2, 2, 1,
2, 0, 0]], [[1, 2, 2, 0, 0, 0], [0, 0, 0, 0, 0, 0], [2, 2, 1, 1, 0, 0], [0, 0,
0, 0, 0, 0], [2, 1, 1, 0, 0, 0], [1, 2, 2, 1, 0, 0], [1, 2, 2, 1, 0, 0]],
[[2, 1, 2, 0, 0, 0], [0, 0, 0, 0, 0, 0], [2, 1, 2, 0, 0, 0], [0, 0, 0, 0, 0, 0
], [1, 1, 2, 0, 0, 0], [1, 0, 0, 0, 0, 0], [0, 0, 0, 0, 0, 0]], [[0, 0, 0, 0, 0
, 0], [2, 2, 0, 0, 0, 0], [1, 1, 0, 0, 0, 0], [1, 1, 2, 0, 0, 0], [0, 0, 0, 0,
0, 0], [2, 1, 2, 0, 0, 0], [0, 0, 0, 0, 0, 0]], [[1, 2, 0, 0, 0, 0], [2, 1, 0,
0, 0, 0], [2, 2, 1, 0, 0, 0], [2, 0, 0, 0, 0, 0], [1, 0, 0, 0, 0, 0], [0, 0, 0,
0, 0, 0], [1, 0, 0, 0, 0, 0]], [[0, 0, 0, 0, 0, 0], [1, 2, 0, 0, 0, 0], [2, 1,
1, 0, 0, 0], [2, 2, 1, 0, 0, 0], [0, 0, 0, 0, 0, 0], [0, 0, 0, 0, 0, 0], [2, 1,
0, 0, 0, 0]], [[0, 0, 0, 0, 0, 0], [0, 0, 0, 0, 0, 0], [2, 1, 0, 0, 0, 0], [1,
2, 1, 0, 0, 0], [2, 1, 0, 0, 0, 0], [2, 1, 0, 0, 0, 0], [2, 0, 0, 0, 0, 0]], [[
1, 0, 0, 0, 0, 0], [1, 1, 2, 1, 0, 0], [2, 0, 0, 0, 0, 0], [2, 0, 0, 0, 0, 0],
[1, 0, 0, 0, 0, 0], [2, 2, 0, 0, 0, 0], [0, 0, 0, 0, 0, 0]], [[0, 0, 0, 0, 0, 0
], [2, 2, 1, 0, 0, 0], [0, 0, 0, 0, 0, 0], [2, 1, 1, 0, 0, 0], [1, 0, 0, 0, 0,
0], [2, 1, 2, 0, 0, 0], [0, 0, 0, 0, 0, 0]], [[1, 2, 0, 0, 0, 0], [1, 2, 0, 0,
0, 0], [0, 0, 0, 0, 0, 0], [0, 0, 0, 0, 0, 0], [2, 1, 0, 0, 0, 0], [1, 0, 0, 0,
0, 0], [2, 1, 2, 0, 0, 0]],
[[2, 2, 1, 1, 0, 0], [1, 0, 0, 0, 0, 0], [2, 0, 0, 0, 0, 0], [2, 1, 1, 0, 0, 0
], [2, 0, 0, 0, 0, 0], [1, 2, 0, 0, 0, 0], [1, 2, 1, 2, 0, 0]], [[1, 0, 0, 0, 0
, 0], [2, 2, 1, 0, 0, 0], [2, 1, 2, 1, 0, 0], [2, 2, 0, 0, 0, 0], [1, 2, 1, 0,
0, 0], [2, 1, 1, 0, 0, 0], [0, 0, 0, 0, 0, 0]], [[1, 2, 0, 0, 0, 0], [2, 1, 2,
0, 0, 0], [0, 0, 0, 0, 0, 0], [2, 1, 0, 0, 0, 0], [1, 1, 2, 0, 0, 0], [2, 1, 1,
0, 0, 0], [1, 2, 2, 0, 0, 0]], [[1, 2, 1, 2, 0, 0], [2, 1, 1, 0, 0, 0], [1, 2,
0, 0, 0, 0], [1, 0, 0, 0, 0, 0], [2, 1, 0, 0, 0, 0], [2, 1, 2, 2, 0, 0], [0, 0,
0, 0, 0, 0]], [[2, 0, 0, 0, 0, 0], [2, 0, 0, 0, 0, 0], [2, 2, 1, 0, 0, 0], [1,
1, 1, 2, 0, 0], [0, 0, 0, 0, 0, 0], [1, 1, 2, 0, 0, 0], [2, 1, 1, 2, 0, 0]],
[[1, 2, 2, 1, 0, 0], [1, 1, 2, 2, 0, 0], [1, 2, 1, 0, 0, 0], [2, 0, 0, 0, 0, 0
], [2, 1, 0, 0, 0, 0], [2, 2, 1, 0, 0, 0], [1, 1, 2, 0, 0, 0]], [[2, 2, 1, 2, 0
, 0], [1, 0, 0, 0, 0, 0], [1, 1, 1, 2, 0, 0], [0, 0, 0, 0, 0, 0], [2, 1, 2, 0,
0, 0], [1, 1, 2, 1, 0, 0], [2, 1, 2, 2, 0, 0]], [[2, 2, 0, 0, 0, 0], [2, 1, 2,
1, 0, 0], [2, 1, 2, 1, 0, 0], [1, 1, 1, 2, 0, 0], [0, 0, 0, 0, 0, 0], [1, 2, 0,
0, 0, 0], [2, 1, 1, 2, 0, 0]], [[1, 1, 0, 0, 0, 0], [2, 1, 2, 1, 0, 0], [0, 0,
0, 0, 0, 0], [1, 1, 2, 0, 0, 0], [2, 2, 2, 1, 0, 0], [2, 1, 1, 2, 0, 0], [1, 2,
2, 0, 0, 0]], [[1, 2, 1, 2, 0, 0], [1, 1, 1, 2, 0, 0], [0, 0, 0, 0, 0, 0], [2,
2, 1, 2, 0, 0], [1, 2, 1, 0, 0, 0], [1, 1, 2, 0, 0, 0], [2, 2, 0, 0, 0, 0]], [[
2, 1, 2, 0, 0, 0], [2, 1, 2, 1, 0, 0], [1, 1, 2, 0, 0, 0], [0, 0, 0, 0, 0, 0],
[2, 1, 2, 0, 0, 0], [1, 1, 2, 2, 0, 0], [2, 1, 1, 0, 0, 0]], [[2, 1, 2, 1, 0, 0
], [2, 0, 0, 0, 0, 0], [2, 2, 1, 0, 0, 0], [1, 2, 2, 1, 0, 0], [2, 0, 0, 0, 0,
0], [1, 1, 2, 1, 0, 0], [2, 1, 1, 0, 0, 0]]}:
###End Good Win in Four Moves 


####start Win In Three Moves

Pr3:=
{[[1, 0, 0, 0, 0, 0], [2, 1, 2, 1, 0, 0], [2, 0, 0, 0, 0, 0], [2, 0, 0, 0, 0, 0
], [1, 0, 0, 0, 0, 0], [2, 1, 0, 0, 0, 0], [1, 2, 0, 0, 0, 0]], [[0, 0, 0, 0, 0
, 0], [2, 1, 0, 0, 0, 0], [1, 2, 1, 0, 0, 0], [1, 2, 0, 0, 0, 0], [2, 2, 0, 0,
0, 0], [2, 1, 0, 0, 0, 0], [1, 0, 0, 0, 0, 0]], [[0, 0, 0, 0, 0, 0], [0, 0, 0,
0, 0, 0], [1, 0, 0, 0, 0, 0], [1, 2, 1, 2, 0, 0], [2, 1, 1, 2, 0, 0], [2, 1, 0,
0, 0, 0], [2, 0, 0, 0, 0, 0]], [[0, 0, 0, 0, 0, 0], [0, 0, 0, 0, 0, 0], [1, 2,
2, 0, 0, 0], [2, 1, 1, 0, 0, 0], [0, 0, 0, 0, 0, 0], [1, 2, 2, 1, 0, 0], [2, 1,
0, 0, 0, 0]], [[2, 0, 0, 0, 0, 0], [1, 1, 0, 0, 0, 0], [2, 1, 2, 0, 0, 0], [0,
0, 0, 0, 0, 0], [2, 2, 1, 1, 0, 0], [0, 0, 0, 0, 0, 0], [1, 2, 0, 0, 0, 0]], [[
0, 0, 0, 0, 0, 0], [0, 0, 0, 0, 0, 0], [2, 1, 0, 0, 0, 0], [1, 2, 1, 2, 0, 0],
[2, 1, 0, 0, 0, 0], [2, 1, 0, 0, 0, 0], [2, 1, 0, 0, 0, 0]], [[1, 0, 0, 0, 0, 0
], [1, 0, 0, 0, 0, 0], [2, 0, 0, 0, 0, 0], [2, 1, 2, 1, 0, 0], [2, 0, 0, 0, 0,
0], [1, 0, 0, 0, 0, 0], [2, 2, 1, 0, 0, 0]], [[2, 2, 1, 0, 0, 0], [1, 0, 0, 0,
0, 0], [0, 0, 0, 0, 0, 0], [2, 1, 2, 0, 0, 0], [2, 1, 0, 0, 0, 0], [1, 1, 2, 0,
0, 0], [0, 0, 0, 0, 0, 0]], [[2, 2, 1, 0, 0, 0], [0, 0, 0, 0, 0, 0], [0, 0, 0,
0, 0, 0], [1, 1, 2, 1, 0, 0], [2, 0, 0, 0, 0, 0], [0, 0, 0, 0, 0, 0], [2, 1, 2,
1, 0, 0]], [[0, 0, 0, 0, 0, 0], [1, 0, 0, 0, 0, 0], [2, 1, 2, 1, 0, 0], [1, 0,
0, 0, 0, 0], [2, 0, 0, 0, 0, 0], [1, 0, 0, 0, 0, 0], [2, 2, 1, 2, 0, 0]], [[1,
0, 0, 0, 0, 0], [0, 0, 0, 0, 0, 0], [0, 0, 0, 0, 0, 0], [1, 2, 2, 0, 0, 0], [2,
1, 1, 2, 0, 0], [0, 0, 0, 0, 0, 0], [1, 2, 2, 1, 0, 0]], [[2, 1, 1, 0, 0, 0], [
0, 0, 0, 0, 0, 0], [2, 1, 2, 1, 0, 0], [0, 0, 0, 0, 0, 0], [2, 1, 2, 0, 0, 0],
[1, 0, 0, 0, 0, 0], [2, 0, 0, 0, 0, 0]], [[2, 1, 0, 0, 0, 0], [0, 0, 0, 0, 0, 0
], [1, 1, 0, 0, 0, 0], [2, 2, 0, 0, 0, 0], [2, 1, 1, 0, 0, 0], [1, 2, 0, 0, 0,
0], [2, 0, 0, 0, 0, 0]], [[0, 0, 0, 0, 0, 0], [1, 2, 0, 0, 0, 0], [2, 2, 2, 1,
0, 0], [0, 0, 0, 0, 0, 0], [1, 1, 0, 0, 0, 0], [1, 0, 0, 0, 0, 0], [2, 1, 2, 0,
0, 0]], [[1, 1, 2, 0, 0, 0], [2, 0, 0, 0, 0, 0], [0, 0, 0, 0, 0, 0], [1, 1, 2,
1, 0, 0], [0, 0, 0, 0, 0, 0], [2, 2, 1, 0, 0, 0], [2, 0, 0, 0, 0, 0]], [[1, 0,
0, 0, 0, 0], [2, 0, 0, 0, 0, 0], [2, 0, 0, 0, 0, 0], [1, 1, 2, 1, 0, 0], [2, 0,
0, 0, 0, 0], [1, 0, 0, 0, 0, 0], [2, 2, 1, 0, 0, 0]], [[2, 1, 1, 0, 0, 0], [1,
2, 0, 0, 0, 0], [2, 0, 0, 0, 0, 0], [1, 2, 0, 0, 0, 0], [2, 1, 1, 0, 0, 0], [2,
0, 0, 0, 0, 0], [0, 0, 0, 0, 0, 0]], [[2, 0, 0, 0, 0, 0], [1, 2, 1, 2, 0, 0], [
2, 1, 1, 0, 0, 0], [1, 2, 0, 0, 0, 0], [0, 0, 0, 0, 0, 0], [0, 0, 0, 0, 0, 0],
[1, 2, 0, 0, 0, 0]], [[2, 2, 1, 0, 0, 0], [2, 0, 0, 0, 0, 0], [2, 0, 0, 0, 0, 0
], [1, 1, 0, 0, 0, 0], [1, 0, 0, 0, 0, 0], [0, 0, 0, 0, 0, 0], [2, 1, 2, 1, 0,
0]], [[2, 0, 0, 0, 0, 0], [2, 1, 0, 0, 0, 0], [1, 1, 1, 2, 0, 0], [1, 2, 1, 0,
0, 0], [0, 0, 0, 0, 0, 0], [2, 0, 0, 0, 0, 0], [2, 0, 0, 0, 0, 0]], [[1, 1, 2,
1, 0, 0], [0, 0, 0, 0, 0, 0], [2, 1, 2, 0, 0, 0], [1, 0, 0, 0, 0, 0], [2, 0, 0,
0, 0, 0], [0, 0, 0, 0, 0, 0], [2, 1, 2, 0, 0, 0]], [[0, 0, 0, 0, 0, 0], [2, 2,
1, 0, 0, 0], [2, 1, 1, 0, 0, 0], [0, 0, 0, 0, 0, 0], [1, 2, 1, 0, 0, 0], [2, 0,
0, 0, 0, 0], [2, 1, 0, 0, 0, 0]], [[1, 2, 0, 0, 0, 0], [1, 2, 0, 0, 0, 0], [2,
1, 1, 0, 0, 0], [1, 2, 0, 0, 0, 0], [2, 1, 0, 0, 0, 0], [0, 0, 0, 0, 0, 0], [2,
0, 0, 0, 0, 0]], [[0, 0, 0, 0, 0, 0], [2, 2, 2, 1, 0, 0], [1, 0, 0, 0, 0, 0], [
2, 0, 0, 0, 0, 0], [0, 0, 0, 0, 0, 0], [1, 1, 2, 1, 0, 0], [2, 1, 0, 0, 0, 0]],
[[1, 1, 2, 1, 0, 0], [0, 0, 0, 0, 0, 0], [2, 1, 0, 0, 0, 0], [1, 0, 0, 0, 0, 0]
, [2, 2, 1, 2, 0, 0], [0, 0, 0, 0, 0, 0], [2, 0, 0, 0, 0, 0]], [[1, 1, 2, 0, 0,
0], [1, 0, 0, 0, 0, 0], [2, 0, 0, 0, 0, 0], [2, 0, 0, 0, 0, 0], [1, 1, 2, 1, 0,
0], [2, 0, 0, 0, 0, 0], [2, 0, 0, 0, 0, 0]], [[0, 0, 0, 0, 0, 0], [2, 0, 0, 0,
0, 0], [1, 0, 0, 0, 0, 0], [1, 2, 1, 0, 0, 0], [2, 1, 1, 2, 0, 0], [1, 2, 0, 0,
0, 0], [2, 0, 0, 0, 0, 0]], [[1, 2, 1, 0, 0, 0], [1, 0, 0, 0, 0, 0], [2, 1, 2,
1, 0, 0], [2, 0, 0, 0, 0, 0], [2, 0, 0, 0, 0, 0], [1, 0, 0, 0, 0, 0], [2, 0, 0,
0, 0, 0]], [[2, 0, 0, 0, 0, 0], [1, 2, 1, 0, 0, 0], [2, 0, 0, 0, 0, 0], [2, 1,
2, 1, 0, 0], [2, 0, 0, 0, 0, 0], [1, 0, 0, 0, 0, 0], [1, 0, 0, 0, 0, 0]], [[0,
0, 0, 0, 0, 0], [2, 2, 1, 0, 0, 0], [0, 0, 0, 0, 0, 0], [1, 2, 1, 0, 0, 0], [2,
1, 1, 0, 0, 0], [1, 2, 0, 0, 0, 0], [2, 0, 0, 0, 0, 0]]}:

####End Win In Three Moves


####Start Wins in Two Moves
Pr2:=
{[[2, 0, 0, 0, 0, 0], [2, 1, 2, 2, 0, 0], [2, 0, 0, 0, 0, 0], [1, 1, 0, 0, 0, 0
], [1, 0, 0, 0, 0, 0], [2, 1, 1, 2, 0, 0], [1, 0, 0, 0, 0, 0]], [[1, 0, 0, 0, 0
, 0], [0, 0, 0, 0, 0, 0], [2, 1, 2, 0, 0, 0], [2, 2, 1, 0, 0, 0], [1, 2, 1, 0,
0, 0], [2, 1, 2, 1, 0, 0], [0, 0, 0, 0, 0, 0]], [[0, 0, 0, 0, 0, 0], [2, 2, 1,
0, 0, 0], [1, 0, 0, 0, 0, 0], [2, 1, 1, 0, 0, 0], [1, 2, 1, 0, 0, 0], [1, 2, 0,
0, 0, 0], [2, 2, 0, 0, 0, 0]], [[1, 2, 0, 0, 0, 0], [2, 1, 0, 0, 0, 0], [1, 1,
0, 0, 0, 0], [2, 1, 1, 0, 0, 0], [0, 0, 0, 0, 0, 0], [2, 2, 0, 0, 0, 0], [1, 2,
2, 0, 0, 0]], [[2, 1, 1, 0, 0, 0], [1, 2, 0, 0, 0, 0], [2, 1, 0, 0, 0, 0], [1,
2, 0, 0, 0, 0], [2, 2, 0, 0, 0, 0], [0, 0, 0, 0, 0, 0], [1, 2, 1, 0, 0, 0]], [[
1, 1, 0, 0, 0, 0], [2, 0, 0, 0, 0, 0], [1, 1, 2, 0, 0, 0], [2, 0, 0, 0, 0, 0],
[2, 1, 0, 0, 0, 0], [2, 0, 0, 0, 0, 0], [1, 2, 1, 2, 0, 0]], [[2, 1, 1, 0, 0, 0
], [2, 1, 1, 0, 0, 0], [1, 0, 0, 0, 0, 0], [1, 2, 0, 0, 0, 0], [2, 0, 0, 0, 0,
0], [2, 0, 0, 0, 0, 0], [2, 1, 2, 0, 0, 0]], [[2, 1, 0, 0, 0, 0], [2, 2, 0, 0,
0, 0], [1, 1, 0, 0, 0, 0], [2, 2, 1, 0, 0, 0], [2, 1, 0, 0, 0, 0], [1, 2, 1, 0,
0, 0], [0, 0, 0, 0, 0, 0]], [[0, 0, 0, 0, 0, 0], [2, 2, 0, 0, 0, 0], [1, 2, 0,
0, 0, 0], [1, 2, 0, 0, 0, 0], [2, 1, 1, 0, 0, 0], [1, 2, 1, 0, 0, 0], [2, 1, 0,
0, 0, 0]], [[1, 0, 0, 0, 0, 0], [2, 1, 1, 0, 0, 0], [2, 1, 1, 0, 0, 0], [2, 0,
0, 0, 0, 0], [1, 0, 0, 0, 0, 0], [2, 2, 0, 0, 0, 0], [2, 2, 1, 0, 0, 0]], [[2,
0, 0, 0, 0, 0], [1, 1, 2, 0, 0, 0], [1, 0, 0, 0, 0, 0], [2, 1, 0, 0, 0, 0], [1,
2, 0, 0, 0, 0], [2, 1, 1, 0, 0, 0], [2, 2, 0, 0, 0, 0]], [[1, 0, 0, 0, 0, 0], [
2, 1, 2, 0, 0, 0], [2, 2, 0, 0, 0, 0], [2, 1, 2, 0, 0, 0], [1, 0, 0, 0, 0, 0],
[1, 1, 1, 2, 0, 0], [0, 0, 0, 0, 0, 0]], [[0, 0, 0, 0, 0, 0], [1, 1, 0, 0, 0, 0
], [2, 1, 2, 2, 0, 0], [0, 0, 0, 0, 0, 0], [1, 1, 0, 0, 0, 0], [1, 2, 0, 0, 0,
0], [2, 2, 2, 1, 0, 0]], [[0, 0, 0, 0, 0, 0], [1, 1, 2, 0, 0, 0], [0, 0, 0, 0,
0, 0], [1, 1, 2, 0, 0, 0], [2, 1, 1, 2, 0, 0], [2, 0, 0, 0, 0, 0], [1, 2, 2, 0,
0, 0]], [[2, 0, 0, 0, 0, 0], [1, 1, 0, 0, 0, 0], [2, 1, 2, 0, 0, 0], [1, 0, 0,
0, 0, 0], [2, 0, 0, 0, 0, 0], [1, 2, 2, 0, 0, 0], [1, 1, 2, 0, 0, 0]], [[2, 1,
1, 0, 0, 0], [2, 1, 1, 0, 0, 0], [2, 0, 0, 0, 0, 0], [1, 2, 0, 0, 0, 0], [1, 1,
0, 0, 0, 0], [2, 0, 0, 0, 0, 0], [2, 2, 0, 0, 0, 0]], [[0, 0, 0, 0, 0, 0], [0,
0, 0, 0, 0, 0], [1, 1, 2, 2, 0, 0], [1, 1, 1, 2, 0, 0], [0, 0, 0, 0, 0, 0], [2,
2, 0, 0, 0, 0], [2, 1, 1, 2, 0, 0]], [[2, 2, 1, 0, 0, 0], [0, 0, 0, 0, 0, 0], [
2, 0, 0, 0, 0, 0], [1, 2, 2, 0, 0, 0], [2, 1, 0, 0, 0, 0], [1, 1, 0, 0, 0, 0],
[1, 1, 2, 0, 0, 0]], [[1, 0, 0, 0, 0, 0], [1, 0, 0, 0, 0, 0], [2, 1, 0, 0, 0, 0
], [1, 1, 2, 1, 0, 0], [2, 0, 0, 0, 0, 0], [2, 0, 0, 0, 0, 0], [2, 1, 2, 2, 0,
0]], [[1, 2, 1, 0, 0, 0], [2, 2, 1, 0, 0, 0], [1, 1, 0, 0, 0, 0], [2, 1, 0, 0,
0, 0], [2, 0, 0, 0, 0, 0], [1, 0, 0, 0, 0, 0], [2, 2, 0, 0, 0, 0]], [[2, 2, 0,
0, 0, 0], [0, 0, 0, 0, 0, 0], [2, 1, 0, 0, 0, 0], [1, 2, 2, 0, 0, 0], [1, 0, 0,
0, 0, 0], [1, 2, 1, 0, 0, 0], [2, 1, 1, 0, 0, 0]], [[2, 0, 0, 0, 0, 0], [2, 1,
0, 0, 0, 0], [2, 1, 2, 2, 0, 0], [1, 0, 0, 0, 0, 0], [2, 0, 0, 0, 0, 0], [1, 1,
2, 1, 0, 0], [1, 0, 0, 0, 0, 0]], [[2, 0, 0, 0, 0, 0], [0, 0, 0, 0, 0, 0], [2,
1, 1, 2, 0, 0], [0, 0, 0, 0, 0, 0], [1, 1, 2, 0, 0, 0], [2, 1, 0, 0, 0, 0], [1,
2, 2, 1, 0, 0]], [[2, 0, 0, 0, 0, 0], [2, 1, 0, 0, 0, 0], [1, 1, 0, 0, 0, 0], [
1, 0, 0, 0, 0, 0], [1, 2, 1, 0, 0, 0], [2, 2, 1, 0, 0, 0], [2, 2, 0, 0, 0, 0]],
[[2, 0, 0, 0, 0, 0], [2, 1, 0, 0, 0, 0], [1, 1, 2, 2, 0, 0], [1, 0, 0, 0, 0, 0]
, [1, 0, 0, 0, 0, 0], [2, 2, 0, 0, 0, 0], [1, 2, 1, 0, 0, 0]], [[1, 2, 2, 1, 0,
0], [2, 1, 2, 1, 0, 0], [1, 2, 1, 0, 0, 0], [0, 0, 0, 0, 0, 0], [1, 2, 0, 0, 0,
0], [0, 0, 0, 0, 0, 0], [2, 0, 0, 0, 0, 0]], [[2, 1, 0, 0, 0, 0], [1, 0, 0, 0,
0, 0], [1, 1, 0, 0, 0, 0], [2, 0, 0, 0, 0, 0], [1, 2, 2, 1, 0, 0], [0, 0, 0, 0,
0, 0], [2, 2, 1, 2, 0, 0]], [[1, 2, 2, 1, 0, 0], [0, 0, 0, 0, 0, 0], [1, 2, 2,
0, 0, 0], [0, 0, 0, 0, 0, 0], [1, 2, 2, 0, 0, 0], [0, 0, 0, 0, 0, 0], [1, 1, 1,
2, 0, 0]], [[1, 1, 2, 1, 0, 0], [2, 1, 0, 0, 0, 0], [2, 1, 0, 0, 0, 0], [0, 0,
0, 0, 0, 0], [1, 2, 0, 0, 0, 0], [2, 1, 2, 2, 0, 0], [0, 0, 0, 0, 0, 0]], [[2,
1, 0, 0, 0, 0], [1, 1, 1, 2, 0, 0], [1, 1, 0, 0, 0, 0], [0, 0, 0, 0, 0, 0], [0,
0, 0, 0, 0, 0], [2, 2, 0, 0, 0, 0], [2, 2, 2, 1, 0, 0]]}:

####End Wins in Two Moves


###Start with problems Red wins in 1 move
Pr1:=
{[[2, 0, 0, 0, 0, 0], [2, 1, 2, 0, 0, 0], [1, 1, 1, 0, 0, 0], [2, 1, 2, 0, 0,
0], [0, 0, 0, 0, 0, 0], [1, 2, 2, 0, 0, 0], [1, 1, 2, 0, 0, 0]], [[2, 1, 0, 0,
0, 0], [2, 0, 0, 0, 0, 0], [1, 1, 1, 0, 0, 0], [1, 0, 0, 0, 0, 0], [2, 2, 1, 2
, 0, 0], [2, 2, 1, 2, 0, 0], [1, 0, 0, 0, 0, 0]], [[1, 0, 0, 0, 0, 0], [2, 1,
1, 1, 0, 0], [2, 0, 0, 0, 0, 0], [2, 2, 2, 1, 0, 0], [1, 2, 0, 0, 0, 0], [0, 0
, 0, 0, 0, 0], [1, 2, 1, 2, 0, 0]], [[0, 0, 0, 0, 0, 0], [2, 1, 2, 1, 0, 0], [
1, 1, 2, 1, 0, 0], [1, 0, 0, 0, 0, 0], [0, 0, 0, 0, 0, 0], [1, 2, 2, 1, 0, 0],
[2, 2, 2, 0, 0, 0]], [[0, 0, 0, 0, 0, 0], [2, 0, 0, 0, 0, 0], [1, 2, 2, 1, 0,
0], [2, 0, 0, 0, 0, 0], [2, 1, 1, 1, 0, 0], [1, 2, 2, 0, 0, 0], [1, 1, 2, 0, 0
, 0]], [[2, 1, 1, 1, 0, 0], [1, 2, 0, 0, 0, 0], [2, 1, 0, 0, 0, 0], [2, 1, 0,
0, 0, 0], [0, 0, 0, 0, 0, 0], [2, 2, 0, 0, 0, 0], [1, 2, 1, 2, 0, 0]], [[2, 2,
2, 0, 0, 0], [1, 1, 2, 0, 0, 0], [1, 1, 2, 0, 0, 0], [1, 2, 1, 1, 0, 0], [0, 0
, 0, 0, 0, 0], [1, 2, 2, 0, 0, 0], [0, 0, 0, 0, 0, 0]], [[2, 1, 1, 1, 0, 0], [
0, 0, 0, 0, 0, 0], [2, 1, 2, 0, 0, 0], [2, 1, 1, 2, 0, 0], [1, 2, 1, 0, 0, 0],
[2, 0, 0, 0, 0, 0], [2, 0, 0, 0, 0, 0]], [[1, 0, 0, 0, 0, 0], [2, 0, 0, 0, 0,
0], [1, 2, 2, 1, 0, 0], [2, 0, 0, 0, 0, 0], [1, 1, 2, 0, 0, 0], [2, 1, 1, 1, 0
, 0], [2, 2, 0, 0, 0, 0]], [[2, 1, 0, 0, 0, 0], [1, 2, 0, 0, 0, 0], [2, 2, 0,
0, 0, 0], [1, 2, 0, 0, 0, 0], [0, 0, 0, 0, 0, 0], [2, 1, 1, 1, 0, 0], [1, 2, 2
, 1, 0, 0]], [[1, 1, 0, 0, 0, 0], [0, 0, 0, 0, 0, 0], [1, 2, 2, 2, 0, 0], [2,
2, 2, 0, 0, 0], [1, 1, 1, 0, 0, 0], [2, 1, 0, 0, 0, 0], [1, 2, 0, 0, 0, 0]], [
[1, 1, 1, 0, 0, 0], [1, 2, 0, 0, 0, 0], [1, 0, 0, 0, 0, 0], [2, 0, 0, 0, 0, 0]
, [1, 2, 2, 0, 0, 0], [2, 2, 1, 0, 0, 0], [2, 2, 1, 0, 0, 0]], [[1, 1, 2, 0, 0
, 0], [2, 0, 0, 0, 0, 0], [2, 2, 1, 1, 0, 0], [1, 1, 1, 0, 0, 0], [2, 0, 0, 0,
0, 0], [2, 2, 1, 0, 0, 0], [2, 0, 0, 0, 0, 0]], [[1, 2, 0, 0, 0, 0], [0, 0, 0,
0, 0, 0], [1, 2, 1, 1, 0, 0], [1, 2, 0, 0, 0, 0], [2, 1, 2, 2, 0, 0], [2, 1, 1
, 2, 0, 0], [0, 0, 0, 0, 0, 0]], [[1, 1, 2, 2, 0, 0], [1, 2, 1, 1, 0, 0], [1,
2, 2, 2, 0, 0], [0, 0, 0, 0, 0, 0], [0, 0, 0, 0, 0, 0], [1, 2, 1, 2, 0, 0], [0
, 0, 0, 0, 0, 0]], [[1, 2, 1, 0, 0, 0], [0, 0, 0, 0, 0, 0], [1, 1, 1, 0, 0, 0]
, [2, 2, 1, 2, 0, 0], [0, 0, 0, 0, 0, 0], [2, 1, 2, 0, 0, 0], [1, 2, 2, 0, 0,
0]], [[0, 0, 0, 0, 0, 0], [1, 2, 1, 0, 0, 0], [2, 2, 0, 0, 0, 0], [1, 2, 2, 0,
0, 0], [2, 1, 0, 0, 0, 0], [2, 1, 1, 0, 0, 0], [1, 1, 2, 0, 0, 0]], [[2, 1, 2,
0, 0, 0], [2, 1, 2, 1, 0, 0], [0, 0, 0, 0, 0, 0], [1, 0, 0, 0, 0, 0], [1, 2, 0
, 0, 0, 0], [1, 1, 2, 1, 0, 0], [2, 2, 0, 0, 0, 0]], [[2, 1, 1, 1, 0, 0], [1,
1, 0, 0, 0, 0], [2, 2, 0, 0, 0, 0], [0, 0, 0, 0, 0, 0], [1, 2, 1, 0, 0, 0], [2
, 1, 2, 0, 0, 0], [2, 2, 0, 0, 0, 0]], [[2, 1, 2, 0, 0, 0], [2, 2, 2, 0, 0, 0]
, [1, 2, 1, 0, 0, 0], [1, 1, 0, 0, 0, 0], [1, 1, 0, 0, 0, 0], [2, 2, 0, 0, 0,
0], [1, 0, 0, 0, 0, 0]], [[2, 0, 0, 0, 0, 0], [1, 1, 1, 0, 0, 0], [2, 1, 1, 0,
0, 0], [0, 0, 0, 0, 0, 0], [2, 1, 0, 0, 0, 0], [2, 1, 1, 2, 0, 0], [2, 2, 2, 0
, 0, 0]], [[2, 1, 1, 0, 0, 0], [1, 1, 2, 2, 0, 0], [1, 1, 2, 0, 0, 0], [2, 0,
0, 0, 0, 0], [1, 2, 1, 0, 0, 0], [2, 0, 0, 0, 0, 0], [2, 0, 0, 0, 0, 0]], [[1,
1, 1, 0, 0, 0], [2, 2, 2, 0, 0, 0], [0, 0, 0, 0, 0, 0], [2, 2, 1, 2, 0, 0], [0
, 0, 0, 0, 0, 0], [1, 1, 2, 0, 0, 0], [1, 2, 1, 0, 0, 0]], [[2, 1, 1, 0, 0, 0]
, [1, 2, 2, 0, 0, 0], [1, 2, 0, 0, 0, 0], [1, 2, 0, 0, 0, 0], [0, 0, 0, 0, 0,
0], [1, 2, 2, 0, 0, 0], [1, 1, 2, 0, 0, 0]], [[1, 2, 1, 0, 0, 0], [1, 2, 1, 0,
0, 0], [0, 0, 0, 0, 0, 0], [1, 2, 1, 1, 0, 0], [0, 0, 0, 0, 0, 0], [2, 2, 2, 0
, 0, 0], [2, 1, 2, 0, 0, 0]], [[2, 2, 0, 0, 0, 0], [2, 2, 2, 0, 0, 0], [1, 1,
2, 0, 0, 0], [2, 1, 1, 1, 0, 0], [0, 0, 0, 0, 0, 0], [1, 0, 0, 0, 0, 0], [2, 1
, 1, 0, 0, 0]], [[1, 2, 1, 0, 0, 0], [2, 1, 0, 0, 0, 0], [2, 2, 0, 0, 0, 0], [
1, 2, 2, 1, 0, 0], [2, 0, 0, 0, 0, 0], [1, 1, 0, 0, 0, 0], [2, 1, 0, 0, 0, 0]]
, [[1, 0, 0, 0, 0, 0], [2, 1, 2, 0, 0, 0], [1, 1, 0, 0, 0, 0], [1, 2, 2, 0, 0,
0], [1, 1, 2, 0, 0, 0], [0, 0, 0, 0, 0, 0], [1, 2, 2, 2, 0, 0]], [[2, 2, 0, 0,
0, 0], [1, 1, 1, 0, 0, 0], [1, 2, 2, 0, 0, 0], [0, 0, 0, 0, 0, 0], [1, 1, 1, 0
, 0, 0], [1, 2, 0, 0, 0, 0], [2, 2, 2, 0, 0, 0]], [[0, 0, 0, 0, 0, 0], [2, 1,
1, 1, 0, 0], [1, 1, 0, 0, 0, 0], [1, 2, 1, 2, 0, 0], [2, 0, 0, 0, 0, 0], [2, 2
, 2, 0, 0, 0], [1, 2, 0, 0, 0, 0]]}:

###End problems Red wins in 1 move
